1 0.03 0.93 0.06
2 0.03 0.88 0.06
3 0.01 1.0 0.02
4 0.0 1.0 0
5 0.01 1.0 0.02
6 0.01 1.0 0.02
7 0.01 1.0 0.02
8 0.01 1.0 0.02
9 0.0 1.0 0
10 0.01 1.0 0.02
11 0.01 1.0 0.02
12 0.01 1.0 0.02
13 0.01 0.2 0.02
14 0.01 1.0 0.02
15 0.01 0.67 0.02
16 0.0 1.0 0
17 0.0 1.0 0
18 0.0 1.0 0
19 0.01 0.8 0.02
20 0.01 1.0 0.02
21 0.01 1.0 0.02
22 0.0 0.0 0
23 0.05 0.85 0.09
24 0.01 1.0 0.02
25 0.01 1.0 0.02
26 0.01 1.0 0.02
27 0.0 1.0 0
28 0.0 1.0 0
29 0.01 1.0 0.02
30 0.01 0.88 0.02
31 0.0 1.0 0
32 0.01 0.86 0.02
33 0.0 1.0 0
34 0.01 1.0 0.02
35 0.01 0.75 0.02
36 0.0 1.0 0
37 0.01 1.0 0.02
38 0.02 1.0 0.04
39 0.02 0.79 0.04
40 0.02 0.77 0.04
41 0.0 1.0 0
42 0.01 1.0 0.02
43 0.01 1.0 0.02
44 0.0 0.0 0
45 0.01 1.0 0.02
46 0.01 1.0 0.02
47 0.02 1.0 0.04
48 0.02 0.92 0.04
49 0.0 1.0 0
50 0.01 1.0 0.02
51 0.01 1.0 0.02
52 0.0 1.0 0
53 0.01 1.0 0.02
54 0.01 1.0 0.02
55 0.01 1.0 0.02
56 0.01 1.0 0.02
57 0.02 0.93 0.04
58 0.01 1.0 0.02
59 0.0 1.0 0
60 0.01 1.0 0.02
61 0.01 1.0 0.02
62 0.01 1.0 0.02
63 0.0 1.0 0
64 0.0 1.0 0
65 0.01 0.94 0.02
66 0.01 1.0 0.02
67 0.01 1.0 0.02
68 0.01 0.83 0.02
69 0.01 1.0 0.02
70 0.01 1.0 0.02
71 0.01 0.89 0.02
72 0.02 0.94 0.04
73 0.02 1.0 0.04
74 0.01 1.0 0.02
75 0.01 1.0 0.02
76 0.01 1.0 0.02
77 0.01 1.0 0.02
78 0.02 1.0 0.04
79 0.01 1.0 0.02
80 0.0 0.8 0
81 0.0 1.0 0
82 0.01 1.0 0.02
83 0.0 1.0 0
84 0.01 1.0 0.02
85 0.0 1.0 0
86 0.0 1.0 0
87 0.01 1.0 0.02
88 0.01 1.0 0.02
89 0.01 1.0 0.02
90 0.02 1.0 0.04
91 0.01 0.9 0.02
92 0.01 1.0 0.02
93 0.0 1.0 0
94 0.02 1.0 0.04
95 0.0 1.0 0
96 0.01 1.0 0.02
97 0.02 0.73 0.04
98 0.01 1.0 0.02
99 0.01 0.8 0.02
100 0.01 1.0 0.02
101 0.01 1.0 0.02
102 0.01 1.0 0.02
103 0.01 0.67 0.02
104 0.01 1.0 0.02
105 0.01 1.0 0.02
106 0.01 1.0 0.02
107 0.01 1.0 0.02
108 0.02 1.0 0.04
109 0.01 1.0 0.02
110 0.01 1.0 0.02
111 0.01 1.0 0.02
112 0.0 1.0 0
113 0.01 1.0 0.02
114 0.0 1.0 0
115 0.0 1.0 0
116 0.01 1.0 0.02
117 0.0 1.0 0
118 0.0 1.0 0
119 0.0 1.0 0
120 0.01 1.0 0.02
121 0.01 1.0 0.02
122 0.01 1.0 0.02
123 0.0 1.0 0
124 0.0 1.0 0
125 0.02 0.94 0.04
126 0.01 0.67 0.02
127 0.01 1.0 0.02
128 0.0 1.0 0
129 0.01 1.0 0.02
130 0.01 1.0 0.02
131 0.01 1.0 0.02
132 0.03 1.0 0.06
133 0.01 1.0 0.02
134 0.0 1.0 0
135 0.01 1.0 0.02
136 0.0 1.0 0
137 0.0 1.0 0
138 0.0 1.0 0
139 0.0 1.0 0
140 0.01 1.0 0.02
141 0.01 1.0 0.02
142 0.0 1.0 0
143 0.0 1.0 0
144 0.01 1.0 0.02
145 0.01 1.0 0.02
146 0.0 1.0 0
147 0.01 0.91 0.02
148 0.01 1.0 0.02
149 0.02 1.0 0.04
150 0.0 1.0 0
151 0.01 1.0 0.02
152 0.01 1.0 0.02
153 0.01 0.88 0.02
154 0.0 1.0 0
155 0.01 0.71 0.02
156 0.05 0.87 0.09
157 0.03 0.97 0.06
158 0.01 0.67 0.02
159 0.01 0.89 0.02
160 0.01 1.0 0.02
161 0.01 1.0 0.02
162 0.01 1.0 0.02
163 0.0 1.0 0
164 0.01 1.0 0.02
165 0.0 1.0 0
166 0.01 1.0 0.02
167 0.0 1.0 0
168 0.0 1.0 0
169 0.0 1.0 0
170 0.01 1.0 0.02
171 0.0 1.0 0
172 0.01 1.0 0.02
173 0.0 1.0 0
174 0.01 1.0 0.02
175 0.01 1.0 0.02
176 0.01 1.0 0.02
177 0.02 1.0 0.04
178 0.01 1.0 0.02
179 0.0 1.0 0
180 0.03 1.0 0.06
181 0.01 1.0 0.02
182 0.0 1.0 0
183 0.03 0.93 0.06
184 0.02 1.0 0.04
185 0.02 1.0 0.04
186 0.01 1.0 0.02
187 0.01 0.86 0.02
188 0.02 1.0 0.04
189 0.01 0.9 0.02
190 0.01 1.0 0.02
191 0.03 1.0 0.06
192 0.01 1.0 0.02
193 0.01 1.0 0.02
194 0.01 1.0 0.02
195 0.0 1.0 0
196 0.01 0.92 0.02
197 0.0 1.0 0
198 0.0 1.0 0
199 0.01 0.89 0.02
200 0.0 1.0 0
201 0.02 1.0 0.04
202 0.01 1.0 0.02
203 0.01 0.93 0.02
204 0.01 0.93 0.02
205 0.0 1.0 0
206 0.0 1.0 0
207 0.01 1.0 0.02
208 0.01 1.0 0.02
209 0.01 1.0 0.02
210 0.01 1.0 0.02
211 0.01 1.0 0.02
212 0.02 1.0 0.04
213 0.01 1.0 0.02
214 0.01 1.0 0.02
215 0.0 1.0 0
216 0.0 1.0 0
217 0.02 1.0 0.04
218 0.03 1.0 0.06
219 0.02 1.0 0.04
220 0.02 1.0 0.04
221 0.02 1.0 0.04
222 0.02 1.0 0.04
223 0.01 1.0 0.02
224 0.01 1.0 0.02
225 0.02 0.88 0.04
